808
212 73
428 90
264 420
482 423
462 460
239 191
730 750
225 514
442 321
260 83
148 109
440 142
108 201
20 48
185 90
507 518
163 285
325 432
184 745
287 2
161 58
156 785
698 687
204 196
99 282
1 4
613 345
198 499
478 148
414 659
119 226
66 48
751 35
331 491
725 769
139 374
557 426
485 532
221 476
29 13
638 296
256 96
174 710
599 481
32 653
492 88
123 171
541 357
310 98
93 33
537 232
195 200
217 39
312 534
520 524
59 14
652 189
65 707
83 364
519 568
191 433
249 175
267 522
263 83
148 192
211 702
18 538
505 366
130 60
477 67
474 326
377 300
281 419
634 63
250 289
528 662
44 76
156 195
163 50
390 791
15 34
203 714
740 407
237 69
254 22
311 282
59 113
561 713
221 574
609 120
322 450
801 326
783 522
608 66
758 385
271 56
547 131
203 684
157 63
3 26
248 96
82 160
306 315
43 460
131 82
150 571
482 757
42 13
116 52
510 625
400 516
302 271
612 244
337 175
294 312
772 34
207 90
366 539
766 454
719 408
104 78
43 16
38 172
12 5
162 184
304 793
258 210
311 529
155 277
734 371
41 20
4 718
225 240
742 167
409 509
120 546
84 33
382 797
726 406
498 70
255 204
65 671
218 272
8 349
211 150
319 219
539 738
804 679
58 140
86 43
618 515
110 252
486 161
605 759
157 381
37 51
173 97
85 210
722 525
18 120
392 132
74 12
191 17
424 207
87 339
26 107
535 741
310 621
473 460
14 40
248 283
798 796
50 8
588 29
265 753
566 8
337 341
220 250
44 8
394 576
221 368
672 806
18 179
227 764
21 2
279 271
168 47
65 100
141 109
3 1
293 603
233 54
384 439
36 97
644 61
231 550
402 247
111 367
645 611
558 674
414 262
41 565
482 549
617 154
525 189
633 25
123 198
19 155
343 87
23 213
95 82
359 121
297 254
335 393
463 275
752 89
50 72
166 316
212 276
266 308
694 303
536 330
389 270
435 255
285 333
567 440
637 727
225 130
369 155
370 267
67 34
293 183
637 667
195 649
271 452
52 18
124 416
2 1
164 18
554 312
18 2
424 563
139 82
361 445
215 165
555 490
453 428
560 319
123 227
58 133
653 654
322 42
70 479
54 585
222 175
545 224
561 761
39 64
487 464
102 39
459 494
437 192
31 112
174 469
471 341
556 177
407 181
350 217
161 511
13 7
237 601
225 716
614 356
16 776
102 635
399 322
342 641
89 60
527 248
573 93
232 196
13 27
65 26
55 83
298 11
125 42
235 146
728 494
198 493
197 661
106 45
382 132
45 580
794 503
49 34
269 11
149 165
134 406
300 431
637 20
731 571
342 47
278 129
7 20
548 135
651 636
264 517
412 528
692 499
20 183
223 643
258 807
127 313
62 12
512 366
84 88
96 666
11 754
666 688
639 72
521 771
91 330
75 78
178 708
117 619
2 5
576 678
245 133
531 338
8 126
30 14
658 673
89 503
737 279
35 10
461 29
107 209
291 748
584 611
35 247
19 378
94 5
372 358
629 466
199 98
117 15
448 215
230 410
36 27
8 656
228 82
60 50
400 137
243 225
690 238
259 584
113 236
743 719
128 129
306 287
22 1
602 186
67 175
17 105
624 239
632 469
99 774
266 142
24 80
117 317
109 346
581 434
53 362
385 475
540 79
7 46
176 636
551 682
650 287
8 69
118 265
314 309
642 315
12 24
256 261
178 423
252 366
20 31
413 406
604 463
1 10
246 371
66 417
466 733
123 19
102 169
99 87
660 375
683 348
333 395
495 177
470 184
170 305
226 543
52 408
592 606
513 288
425 60
570 40
48 181
118 47
344 122
569 350
123 552
578 360
152 387
46 767
106 151
430 204
484 84
73 600
319 627
616 134
237 242
190 304
587 787
530 16
323 468
382 443
311 706
42 61
41 73
281 500
746 717
27 28
498 592
704 468
220 56
481 279
421 201
223 207
398 6
5 9
197 93
98 143
681 432
595 108
675 413
241 451
11 5
234 79
717 627
47 17
27 384
62 459
434 340
76 96
282 323
1 91
109 54
444 28
244 168
502 508
38 53
44 57
8 4
55 103
631 224
45 286
455 6
307 24
122 268
456 119
620 358
111 290
92 340
2 33
723 507
229 562
103 124
38 180
635 773
296 401
39 77
170 38
150 16
19 1
63 262
403 337
749 562
344 490
37 13
301 292
762 501
273 1
388 140
592 672
457 450
373 255
786 532
558 301
197 422
85 57
40 607
586 800
7 15
290 668
182 12
33 231
2 71
411 572
153 74
418 596
17 8
220 685
103 176
208 324
159 229
3 7
1 23
245 281
1 218
142 162
687 70
431 458
38 27
509 701
472 253
564 17
30 465
275 247
501 105
21 206
385 72
148 188
808 700
187 121
390 283
802 733
464 6
177 81
245 288
103 241
438 282
360 19
174 38
612 784
496 242
343 405
217 356
585 669
236 284
715 536
236 724
320 171
551 337
270 485
721 25
152 96
725 595
507 468
605 40
629 803
7 58
246 182
121 114
65 142
5 397
26 119
458 729
489 222
565 610
327 278
396 285
735 747
554 705
337 711
247 519
108 98
144 143
17 696
551 695
42 334
39 16
122 709
107 296
152 194
203 15
189 116
20 138
561 640
360 412
357 295
446 488
561 324
799 492
355 261
571 755
28 318
79 216
185 646
82 127
220 295
64 81
25 6
679 250
267 152
622 439
626 428
120 159
114 87
41 56
628 165
352 223
326 22
689 482
38 92
259 466
658 610
109 345
253 37
526 59
630 180
521 186
533 114
115 335
426 128
338 480
436 382
559 124
794 796
30 292
411 197
220 257
134 699
127 132
27 156
648 506
32 55
135 202
274 93
374 763
321 213
39 75
520 208
336 235
6 300
84 87
732 327
577 335
734 788
778 251
14 8
348 676
535 519
354 158
215 593
74 82
553 756
441 288
185 418
111 90
111 427
589 460
502 114
155 158
760 361
361 76
590 567
447 340
332 483
367 664
740 780
53 70
238 114
63 128
577 790
46 101
375 225
380 43
181 214
429 169
449 335
415 201
665 156
542 394
119 221
59 79
394 132
366 657
147 132
400 598
736 627
805 22
770 457
730 735
14 16
691 164
151 154
260 697
506 299
582 381
178 280
270 28
409 342
404 268
3 45
140 190
32 25
597 254
79 730
182 196
200 358
291 21
109 347
106 136
92 781
208 117
372 523
137 33
294 210
219 137
183 264
126 351
293 338
777 395
652 680
122 50
3 146
119 224
181 587
251 44
10 325
647 768
347 686
68 11
167 44
259 229
54 10
104 467
131 134
145 57
553 396
154 383
379 291
739 277
